CCLE Cell Line Name	Primary Cell Line Name	Compound	Target	Doses (uM)	Activity Data (median)	Activity SD	Num Data	FitType	EC50 (µM)	IC50 (µM)	Amax	ActArea
A2058_SKIN	A2058	Panobinostat	HDAC	.0025,.0080,.025,.080,.25,.80,2.53,8	2.10,5.06,.85,-63,-93,-95,-96,-97	5.30,.23,.96,1.79,.064,.39,.10,.042	8	Sigmoid	0,065190196	0,068659902	-95,53409576	4,3673
A375_SKIN	A-375	Panobinostat	HDAC	.0025,.0080,.025,.080,.25,.80,2.53,8	.027,2.87,-20,-75,-93,-95,-95,-97	5.34,1.62,5.58,2.44,.30,.16,.14,.065	8	Sigmoid	0,04371772	0,046768632	-95,74396515	4,6373
AU565_BREAST	AU565	Panobinostat	HDAC	.0025,.0080,.025,.080,.25,.80,2.53,8	8.81,-10,-36,-90,-101,-101,-101,-103	2.53,14.8,1.80,5.58,.13,.23,.22,.051	8	Sigmoid	0,030530715	0,032399986	-101,9824753	5,0888
BT20_BREAST	BT-20	Panobinostat	HDAC	.0025,.0080,.025,.080,.25,.80,2.53,8	-26,-23,-38,-42,-75,-92,-96,-97	40.7,29.6,17.9,37.2,11.4,4.73,2.53,1.12	8	Sigmoid	0,091061704	0,057080079	-97,70919037	4,53
BT474_BREAST	BT-474	Panobinostat	HDAC	.0025,.0080,.025,.080,.25,.80,2.53,8	2.65,-20,-63,-107,-121,-120,-121,-120	13.5,1.88,5.10,1.30,.054,1.37,.018,1.43	8	Sigmoid	0,024930065	0,019058252	-121,486969	5,1333
BT549_BREAST	BT-549	Panobinostat	HDAC	.0025,.0080,.025,.080,.25,.80,2.53,8	8.90,10.9,6.74,-40,-71,-90,-90,-95	8.46,7.54,18.9,9.48,4.88,.27,.41,.48	8	Sigmoid	0,087065749	0,114801176	-93,39987946	3,7698
C32_SKIN	C32	Panobinostat	HDAC	.0025,.0080,.025,.080,.25,.80,2.53,8	27.9,26.0,44.2,4.01,-37,-59,-69,-92	8.51,11.5,29.0,22.2,21.9,10.6,5.72,1.51	8	Sigmoid	0,289958537	0,597305417	-87,09671021	2,4495
CAL851_BREAST	CAL-85-1	Panobinostat	HDAC	.0025,.0080,.025,.080,.25,.80,2.53,8	-7.2,-19,-41,-67,-85,-95,-96,-98	8.24,19.0,11.0,4.99,.24,.26,.38,.63	8	Sigmoid	0,027362019	0,028650077	-98,42861938	4,751
CAMA1_BREAST	CAMA-1	Panobinostat	HDAC	.0025,.0080,.025,.080,.25,.80,2.53,8	-17,-21,-42,-93,-100,-99,-100,-97	22.0,7.20,7.30,.56,.49,.60,1.61,2.25	8	Sigmoid	0,034508243	0,029613037	-99,25998688	5,0138
CHL1_SKIN	CHL-1	Panobinostat	HDAC	.0025,.0080,.025,.080,.25,.80,2.53,8	-9.5,-19,-59,-73,-82,-93,-95,-97	1.52,8.31,1.24,1.76,.26,1.13,.62,.19	8	Sigmoid	0,005472332	0,018227296	-96,95570374	5,1254
COLO679_SKIN	COLO-679	Panobinostat	HDAC	.0025,.0080,.025,.080,.25,.80,2.53,8	33.6,-16,-43,-64,-89,-93,-95,-96	5.14,.32,10.2,3.53,2.65,.67,1.14,.12	8	Sigmoid	6,844076542	0,029574396	-98,54227448	4,6206
COLO741_SKIN	COLO 741	Panobinostat	HDAC	.0025,.0080,.025,.080,.25,.80,2.53,8	8.10,2.43,13.9,-46,-70,-90,-96,-98	.53,1.20,1.93,9.41,11.0,1.72,.48,.50	8	Sigmoid	0,093595706	0,109763704	-95,70043945	3,9221
EFM19_BREAST	EFM-19	Panobinostat	HDAC	.0025,.0080,.025,.080,.25,.80,2.53,8	-5.3,-7.3,-44,-94,-101,-101,-102,-104	10.9,1.51,8.29,1.11,1.78,1.46,2.24,1.50	8	Sigmoid	0,029494157	0,028204657	-102,1850052	4,9716
G361_SKIN	G-361	Panobinostat	HDAC	.0025,.0080,.025,.080,.25,.80,2.53,8	-6.2,-17,-55,-73,-94,-95,-95,-97	2.91,13.6,.15,4.85,.77,.34,.079,.073	8	Sigmoid	0,017742746	0,021113275	-97,12747955	5,3635
HCC1187_BREAST	HCC1187	Panobinostat	HDAC	.0025,.0080,.025,.080,.25,.80,2.53,8	9.49,17.5,-2.1,-43,-73,-85,-93,-95	2.77,13.6,14.1,3.05,.28,2.27,.23,1.43	8	Sigmoid	0,075580336	0,103851922	-94,03689575	3,683
HCC1395_BREAST	HCC1395	Panobinostat	HDAC	.0025,.0080,.025,.080,.25,.80,2.53,8	21.2,-19,-2.0,-24,-23,-68,-83,-102	12.5,7.98,10.4,5.33,10.9,6.91,8.59,.33	8	Sigmoid	0,667128921	0,539499223	-98,88056946	2,8148
HCC1569_BREAST	HCC1569	Panobinostat	HDAC	.0025,.0080,.025,.080,.25,.80,2.53,8	-7.8,.25,-2.6,-14,-52,-86,-97,-99	.29,15.7,13.3,2.28,3.76,.34,1.38,1.02	8	Sigmoid	0,262126952	0,25102365	-98,63246918	3,2022
HCC1806_BREAST	HCC1806	Panobinostat	HDAC	.0025,.0080,.025,.080,.25,.80,2.53,8	10.6,1.50,-19,-61,-82,-96,-97,-98	7.88,2.79,27.9,4.41,5.22,.44,.060,.15	8	Sigmoid	0,040593732	0,054945543	-98,27983856	4,4637
HCC1954_BREAST	HCC1954	Panobinostat	HDAC	.0025,.0080,.025,.080,.25,.80,2.53,8	25.9,10.4,-14,-39,-72,-87,-91,-94	16.9,3.39,6.01,15.0,1.31,1.05,1.58,.82	8	Sigmoid	0,056485623	0,091688529	-93,37232208	3,7483
HCC70_BREAST	HCC70	Panobinostat	HDAC	.0025,.0080,.025,.080,.25,.80,2.53,8	1.27,-12,-13,-57,-85,-94,-95,-97	6.67,1.75,1.32,6.01,5.20,.77,.30,.85	8	Sigmoid	0,064182766	0,067174263	-95,62513733	4,4205
HDQP1_BREAST	HDQ-P1	Panobinostat	HDAC	.0025,.0080,.025,.080,.25,.80,2.53,8	16.7,8.62,-16,-82,-92,-95,-95,-97	3.07,10.3,.013,5.15,.27,.48,.13,1.07	8	Sigmoid	0,036819633	0,042588428	-95,21109009	4,718
HMC18_BREAST	HMC-1-8	Panobinostat	HDAC	.0025,.0080,.025,.080,.25,.80,2.53,8	-1.6,1.65,-.97,-4.7,-68,-95,-96,-97	2.02,.33,4.38,9.38,2.01,.076,.0066,.011	8	Sigmoid	0,181523874	0,18679598	-96,47415924	3,0692
HMCB_SKIN	HMCB	Panobinostat	HDAC	.0025,.0080,.025,.080,.25,.80,2.53,8	-1.3,-7.9,-31,-68,-86,-92,-93,-95	6.17,2.87,16.0,3.60,2.55,.011,.50,.19	8	Sigmoid	0,037890829	0,043176685	-93,88027954	4,588
HS294T_SKIN	Hs 294T	Panobinostat	HDAC	.0025,.0080,.025,.080,.25,.80,2.53,8	6.00,11.2,-11,-58,-94,-96,-97,-98	2.02,11.0,15.6,6.35,1.39,.32,.38,.23	8	Sigmoid	0,06668894	0,070828229	-96,9765625	3,8112
HS578T_BREAST	Hs 578T	Panobinostat	HDAC	.0025,.0080,.025,.080,.25,.80,2.53,8	-4.9,.93,.42,-57,-88,-92,-94,-96	.64,5.17,8.64,1.78,1.04,1.25,.24,.20	8	Sigmoid	0,069573343	0,072077319	-93,50769043	4,1861
HS695T_SKIN	Hs 695T	Panobinostat	HDAC	.0025,.0080,.025,.080,.25,.80,2.53,8	-.75,-10,-44,-68,-85,-96,-98,-99	.98,1.55,4.21,2.37,5.00,1.80,.26,.54	8	Sigmoid	0,030355072	0,037047084	-98,87348938	4,6716
HS739T_BREAST	Hs 739.T	Panobinostat	HDAC	.0025,.0080,.025,.080,.25,.80,2.53,8	-15,-15,-17,-39,-60,-76,-85,-87	2.37,15.2,9.05,8.74,2.29,7.57,3.11,6.41	8	Sigmoid	0,161708698	0,155537844	-86,96986389	3,1432
HS852T_SKIN	Hs 852.T	Panobinostat	HDAC	.0025,.0080,.025,.080,.25,.80,2.53,8	3.67,3.53,-19,-57,-85,-93,-95,-96	4.57,.20,3.77,1.09,1.84,.73,.084,.36	8	Sigmoid	0,055898678	0,065024838	-95,53556824	4,298
HS895T_SKIN	Hs 895.T	Panobinostat	HDAC	.0025,.0080,.025,.080,.25,.80,2.53,8	-1.6,-.42,-30,-57,-68,-82,-84,-84	0,10.8,18.3,4.78,1.53,4.36,2.52,0	8	Sigmoid	0,051357415	0,072238043	-83,13627625	3,8108
HS936T_SKIN	Hs 936.T	Panobinostat	HDAC	.0025,.0080,.025,.080,.25,.80,2.53,8	5.54,-24,-45,-81,-94,-97,-99,-101	.83,11.6,6.53,1.52,2.44,1.02,1.23,.021	8	Sigmoid	0,019348286	0,025391448	-100,489624	5,0778
HS939T_SKIN	Hs 939.T	Panobinostat	HDAC	.0025,.0080,.025,.080,.25,.80,2.53,8	7.89,4.12,-17,-68,-93,-93,-96,-98	12.7,.41,18.5,5.68,.74,1.64,.13,.46	8	Sigmoid	0,045977067	0,052195873	-96,20109558	4,5715
HS944T_SKIN	Hs 944.T	Panobinostat	HDAC	.0025,.0080,.025,.080,.25,.80,2.53,8	11.1,-4.8,-13,-62,-88,-93,-93,-96	6.80,1.68,13.3,6.44,4.49,.042,.11,.21	8	Sigmoid	0,047330931	0,055881042	-95,20787811	4,3351
HT144_SKIN	HT-144	Panobinostat	HDAC	.0025,.0080,.025,.080,.25,.80,2.53,8	11.7,20.1,-7.2,-45,-87,-93,-94,-96	11.7,22.4,17.4,3.52,.59,.62,.19,.094	8	Sigmoid	0,079874143	0,087971471	-93,92162323	4,0197
IGR37_SKIN	IGR-37	Panobinostat	HDAC	.0025,.0080,.025,.080,.25,.80,2.53,8	7.62,-5.4,-34,-57,-87,-95,-94,-96	23.8,.41,4.41,2.65,2.09,.063,1.42,.25	8	Sigmoid	0,044760253	0,052000597	-96,80892944	4,655
IGR39_SKIN	IGR-39	Panobinostat	HDAC	.0025,.0080,.025,.080,.25,.80,2.53,8	4.30,-7.9,-14,-66,-70,-83,-86,-90	6.18,7.99,13.7,2.05,4.56,2.87,3.03,.90	8	Sigmoid	0,034897905	0,05372363	-86,66610718	3,1685
IPC298_SKIN	IPC-298	Panobinostat	HDAC	.0025,.0080,.025,.080,.25,.80,2.53,8	4.73,-6.9,-19,-67,-78,-91,-93,-97	6.73,5.76,7.51,.97,2.65,.59,.28,.53	8	Sigmoid	0,045362264	0,054005791	-94,06188965	4,117
K029AX_SKIN	K029AX	Panobinostat	HDAC	.0025,.0080,.025,.080,.25,.80,2.53,8	17.5,-24,-30,-70,-92,-95,-95,-97	31.4,6.41,.25,3.76,.73,.081,.33,.22	8	Sigmoid	0,045981128	0,045050137	-96,19972992	4,8894
LOXIMVI_SKIN	LOX IMVI	Panobinostat	HDAC	.0025,.0080,.025,.080,.25,.80,2.53,8	1.75,-3.1,-6.1,-60,-95,-96,-97,-99	4.27,2.21,3.04,6.49,.19,.095,.19,.12	8	Sigmoid	0,068355478	0,069422469	-97,12078094	4,405
MALME3M_SKIN	Malme-3M	Panobinostat	HDAC	.0025,.0080,.025,.080,.25,.80,2.53,8	-13,-17,-38,-69,-89,-89,-89,-95	2.68,4.51,10.9,2.78,.25,3.09,.27,.92	8	Sigmoid	0,043364551	0,040825501	-91,97612	4,7209
MB157_BREAST	MB 157	Panobinostat	HDAC	.0025,.0080,.025,.080,.25,.80,2.53,8	-19,3.51,-21,-75,-92,-94,-96,-97	24.1,37.5,6.33,1.47,.62,.36,1.60,1.96	8	Sigmoid	0,046542194	0,047388416	-95,5587616	5,2715
MDAMB157_BREAST	MDA-MB-157	Panobinostat	HDAC	.0025,.0080,.025,.080,.25,.80,2.53,8	10.9,-9.2,-6.7,-40,-84,-95,-96,-97	7.05,11.4,5.19,14.3,1.49,.59,.85,.65	8	Sigmoid	0,077617005	0,085610405	-96,51529694	4,2399
MDAMB175VII_BREAST	MDA-MB-175-VII	Panobinostat	HDAC	.0025,.0080,.025,.080,.25,.80,2.53,8	-10,4.19,-25,-43,-82,-89,-97,-99	.21,.28,4.87,4.07,5.11,2.64,1.74,1.66	8	Sigmoid	0,107506216	0,093414493	-97,84088135	3,7079
MDAMB415_BREAST	MDA-MB-415	Panobinostat	HDAC	.0025,.0080,.025,.080,.25,.80,2.53,8	-3.2,-39,8.41,-110,-119,-125,-132,-132	2.46,8.88,10.6,15.6,15.3,11.9,11.6,10.9	8	Sigmoid	0,057651918	0,051927954	-127,8420715	4,546
MDAMB435S_SKIN	MDA-MB-435S	Panobinostat	HDAC	.0025,.0080,.025,.080,.25,.80,2.53,8	16.0,-5.4,-5.6,-69,-82,-94,-95,-98	4.37,3.60,5.17,4.53,.26,.071,1.60,.54	8	Sigmoid	0,049858999	0,057993092	-93,84267426	4,4665
MDAMB436_BREAST	MDA-MB-436	Panobinostat	HDAC	.0025,.0080,.025,.080,.25,.80,2.53,8	-7.3,-6.6,-26,-38,-59,-69,-74,-75	3.01,9.05,2.77,2.51,4.02,5.26,.96,2.68	8	Sigmoid	0,079673111	0,145099983	-75,62155151	3,1806
MDAMB453_BREAST	MDA-MB-453	Panobinostat	HDAC	.0025,.0080,.025,.080,.25,.80,2.53,8	-5.6,-34,-89,-98,-98,-98,-100,-102	13.2,10.3,.14,.18,.61,.041,.84,.47	8	Sigmoid	0,011434652	0,010588877	-99,11966705	5,7776
MDAMB468_BREAST	MDA-MB-468	Panobinostat	HDAC	.0025,.0080,.025,.080,.25,.80,2.53,8	-2.2,27.6,17.9,-25,-44,-84,-93,-96	13.3,16.6,3.15,22.7,2.65,1.76,.25,.086	8	Sigmoid	0,220418647	0,282739013	-95,92067719	3,384
MELHO_SKIN	MEL-HO	Panobinostat	HDAC	.0025,.0080,.025,.080,.25,.80,2.53,8	9.49,-12,-29,-87,-95,-96,-96,-98	16.9,3.60,14.9,4.93,.26,.16,.64,.23	8	Sigmoid	0,031173918	0,031638116	-96,73181152	5,0633
MEWO_SKIN	MeWo	Panobinostat	HDAC	.0025,.0080,.025,.080,.25,.80,2.53,8	-.82,29.2,-18,-24,-71,-96,-96,-98	18.6,34.8,.62,14.5,1.26,1.38,1.09,1.95	8	Sigmoid	0,08683297	0,106519528	-99,9287796	3,6394
RPMI7951_SKIN	RPMI-7951	Panobinostat	HDAC	.0025,.0080,.025,.080,.25,.80,2.53,8	2.85,9.01,-30,-71,-93,-94,-95,-98	5.44,13.1,9.42,6.26,.57,.045,.034,.62	8	Sigmoid	0,039084453	0,043707892	-96,38233185	4,7622
RVH421_SKIN	RVH-421	Panobinostat	HDAC	.0025,.0080,.025,.080,.25,.80,2.53,8	13.8,-.98,.84,-55,-79,-88,-94,-97	15.4,6.77,9.03,6.00,.95,2.50,1.28,1.11	8	Sigmoid	0,068295315	0,07875777	-93,0538559	4,0976
SKBR3_BREAST	SK-BR-3	Panobinostat	HDAC	.0025,.0080,.025,.080,.25,.80,2.53,8	12.4,-26,-34,-91,-98,-98,-98,-100	.043,3.95,5.22,.58,.16,.13,.65,.28	8	Sigmoid	0,028720556	0,031782795	-98,62973785	5,2138
SKMEL24_SKIN	SK-MEL-24	Panobinostat	HDAC	.0025,.0080,.025,.080,.25,.80,2.53,8	6.02,18.9,-8.3,-37,-93,-110,-111,-114	6.83,12.2,2.13,5.16,9.42,1.49,1.20,.79	8	Sigmoid	0,104561843	0,099703006	-113,7373428	3,9406
SKMEL2_SKIN	SK-MEL-2	Panobinostat	HDAC	.0025,.0080,.025,.080,.25,.80,2.53,8	6.78,15.9,-33,-87,-100,-100,-101,-102	19.7,4.94,3.87,4.10,2.55,.73,1.70,1.72	8	Sigmoid	0,028049726	0,03325266	-100,7878647	4,9024
SKMEL30_SKIN	SK-MEL-30	Panobinostat	HDAC	.0025,.0080,.025,.080,.25,.80,2.53,8	9.78,2.02,-8.6,-36,-65,-87,-91,-95	10.6,2.88,2.36,5.29,3.12,.72,.034,.21	8	Sigmoid	0,115859821	0,13898471	-94,19810486	3,2337
SKMEL31_SKIN	SK-MEL-31	Panobinostat	HDAC	.0025,.0080,.025,.080,.25,.80,2.53,8	8.92,15.1,6.88,-59,-89,-95,-95,-98	1.50,.16,10.7,2.72,.36,.53,.57,.052	8	Sigmoid	0,059874427	0,06900461	-95,31835938	4,2725
SKMEL5_SKIN	SK-MEL-5	Panobinostat	HDAC	.0025,.0080,.025,.080,.25,.80,2.53,8	7.02,-4.0,-46,-75,-94,-96,-97,-99	25.4,2.28,8.78,2.71,.52,.55,.16,.13	8	Sigmoid	0,027420441	0,034428976	-98,10864258	4,3233
T47D_BREAST	T-47D	Panobinostat	HDAC	.0025,.0080,.025,.080,.25,.80,2.53,8	3.94,9.88,18.9,-70,-93,-93,-95,-97	4.22,26.6,22.1,4.65,1.37,.18,.51,.048	8	Sigmoid	0,060682308	0,06439659	-94,66168213	4,3607
UACC257_SKIN	UACC-257	Panobinostat	HDAC	.0025,.0080,.025,.080,.25,.80,2.53,8	-2.1,.47,-15,-52,-78,-90,-94,-98	1.29,6.69,8.43,4.01,2.65,2.02,.041,.57	8	Sigmoid	0,0731446	0,080886342	-95,12685394	4,057
UACC62_SKIN	UACC-62	Panobinostat	HDAC	.0025,.0080,.025,.080,.25,.80,2.53,8	14.4,-11,-29,-74,-95,-97,-99,-101	.20,.55,6.58,3.84,2.14,.027,.36,.029	8	Sigmoid	0,030998169	0,038887445	-100,7757111	4,6762
UACC812_BREAST	UACC-812	Panobinostat	HDAC	.0025,.0080,.025,.080,.25,.80,2.53,8	-8.1,4.92,-9.1,-52,-99,-111,-117,-118	13.8,25.2,19.0,13.5,36.9,20.8,17.9,18.2	8	Sigmoid	0,090869009	0,0691723	-128,3476868	3,7262
WM115_SKIN	WM-115	Panobinostat	HDAC	.0025,.0080,.025,.080,.25,.80,2.53,8	7.16,8.10,18.0,-18,-66,-98,-100,-101	12.5,3.98,.088,4.20,2.33,.44,.47,.37	8	Sigmoid	0,151389435	0,17020461	-101,4180603	3,3891
WM1799_SKIN	WM1799	Panobinostat	HDAC	.0025,.0080,.025,.080,.25,.80,2.53,8	7.15,10.1,-9.1,-22,-55,-77,-89,-93	11.0,5.85,2.84,17.3,3.70,.82,.53,.97	8	Sigmoid	0,131118864	0,195083842	-93,15105438	3,5298
WM2664_SKIN	WM-266-4	Panobinostat	HDAC	.0025,.0080,.025,.080,.25,.80,2.53,8	8.33,-12,-33,-81,-95,-96,-97,-100	5.61,.33,4.65,10.3,.41,.028,.18,.085	8	Sigmoid	0,031319737	0,035193659	-98,8210144	4,9417
WM793_SKIN	WM-793	Panobinostat	HDAC	.0025,.0080,.025,.080,.25,.80,2.53,8	4.08,-2.5,-3.5,-44,-83,-94,-97,-99	6.69,.091,4.36,2.71,1.26,1.04,.22,.070	8	Sigmoid	0,08907605	0,094191171	-97,18791962	4,05
WM88_SKIN	WM-88	Panobinostat	HDAC	.0025,.0080,.025,.080,.25,.80,2.53,8	9.90,1.03,-10.0,-43,-79,-95,-95,-98	9.78,4.99,5.04,4.56,3.77,.50,.87,.039	8	Sigmoid	0,082581587	0,095287047	-97,59028625	4,2388
WM983B_SKIN	WM-983B	Panobinostat	HDAC	.0025,.0080,.025,.080,.25,.80,2.53,8	7.70,.79,-36,-50,-54,-76,-87,-89	1.52,14.6,15.1,32.4,19.4,12.9,5.12,4.03	8	Sigmoid	0,049179211	0,121470533	-90,69470978	4,4884
ZR751_BREAST	ZR-75-1	Panobinostat	HDAC	.0025,.0080,.025,.080,.25,.80,2.53,8	23.7,-12,-5.1,-90,-108,-112,-115,-116	23.5,15.3,11.7,3.82,2.69,2.32,2.31,2.19	8	Sigmoid	0,052490581	0,050002981	-112,9772034	4,6473
ZR7530_BREAST	ZR-75-30	Panobinostat	HDAC	.0025,.0080,.025,.080,.25,.80,2.53,8	-7.5,-37,-41,-80,-98,-103,-101,-113	1.62,9.84,4.50,2.17,2.38,4.18,.94,2.43	8	Sigmoid	0,036143012	0,029439772	-107,2031784	4,2563
A673_BONE	A-673	Panobinostat	HDAC	.0025,.0080,.025,.080,.25,.80,2.53,8	49.4,36.1,-25,-84,-90,-94,-96,-99	12.3,7.32,13.0,1.85,.34,.39,.49,.17	8	Sigmoid	0,024551492	0,036663793	-95,38225555	4,71
CAL78_BONE	CAL-78	Panobinostat	HDAC	.0025,.0080,.025,.080,.25,.80,2.53,8	-3.0,-1.5,-23,-48,-81,-91,-91,-94	9.47,.70,12.8,3.00,.26,.34,1.51,3.65	8	Sigmoid	0,073621593	0,080872677	-93,23783112	4,6055
HOS_BONE	HOS	Panobinostat	HDAC	.0025,.0080,.025,.080,.25,.80,2.53,8	-17,-2.0,-7.8,-74,-89,-89,-92,-96	.62,5.06,6.15,3.68,.73,1.09,1.10,2.13	8	Sigmoid	0,061966315	0,061951321	-91,59653473	4,5348
MG63_BONE	MG-63	Panobinostat	HDAC	.0025,.0080,.025,.080,.25,.80,2.53,8	4.04,-3.0,-9.9,-41,-66,-76,-82,-94	.75,6.58,2.58,1.47,2.62,3.09,2.55,.54	8	Sigmoid	0,086745858	0,126604959	-87,91794586	3,6454
MHHES1_BONE	MHH-ES-1	Panobinostat	HDAC	.0025,.0080,.025,.080,.25,.80,2.53,8	-2.5,1.38,-17,-61,-85,-93,-95,-97	6.27,1.97,8.41,.95,1.37,.45,.83,.20	8	Sigmoid	0,058480795	0,063291304	-95,05032349	4,5822
SAOS2_BONE	Saos-2	Panobinostat	HDAC	.0025,.0080,.025,.080,.25,.80,2.53,8	-3.5,2.26,-5.9,-52,-92,-95,-95,-97	4.02,8.66,4.25,1.50,.39,.056,.59,.43	8	Sigmoid	0,076715246	0,078017212	-95,54793549	4,3266
SJSA1_BONE	SJSA-1	Panobinostat	HDAC	.0025,.0080,.025,.080,.25,.80,2.53,8	7.53,-25,-21,-47,-61,-85,-89,-97	21.3,.050,1.49,5.57,1.02,2.57,1.94,.072	8	Sigmoid	0,14805004	0,116657168	-96,10087585	4,1913
SKES1_BONE	SK-ES-1	Panobinostat	HDAC	.0025,.0080,.025,.080,.25,.80,2.53,8	-8.3,-12,-56,-82,-93,-93,-95,-97	16.9,6.93,2.18,1.55,1.43,1.53,.49,.35	8	Sigmoid	0,017546544	0,021772686	-95,00733948	5,2424
SW1353_BONE	SW 1353	Panobinostat	HDAC	.0025,.0080,.025,.080,.25,.80,2.53,8	4.66,12.0,-9.0,-66,-94,-97,-97,-99	1.74,17.1,6.67,14.0,1.91,.23,.51,.51	8	Sigmoid	0,062363144	0,065988854	-97,8513031	4,4823
TC71_BONE	TC-71	Panobinostat	HDAC	.0025,.0080,.025,.080,.25,.80,2.53,8	-.35,.33,-.14,-91,-94,-95,-95,-96	2.75,18.4,.75,1.99,.18,.098,.040,.076	8	Sigmoid	0,047022343	0,048327953	-95,13320923	4,6377
U2OS_BONE	U-2 OS	Panobinostat	HDAC	.0025,.0080,.025,.080,.25,.80,2.53,8	-3.9,-14,-34,-85,-93,-94,-94,-98	9.88,9.27,.78,.77,.31,.90,.37,.17	8	Sigmoid	0,035369799	0,034501512	-95,11325836	5,1185
